0
10
11
14
15
22
29
41
42
43
54
56
60
61
66
82
86
92
96
104
105
109
110
114
116
126
127
132
134
135
137
145
149
153
155
163
167
171
178
182
184
187
189
191
195
196
200
201
218
224
228
244
249
250
251
254
257
259
264
265
266
270
295
306
307
313
316
318
319
321
325
327
328
333
343
352
353
355
359
360
372
374
376
381
385
387
389
390
391
393
394
395
397
398
399
401
405
415
416
422
428
430
431
432
444
458
459
461
462
467
468
472
473
487
502
527
537
541
557
563
565
575
579
589
592
593
596
602
603
607
620
621
625
627
631
652
660
663
672
684
691
702
704
716
718
724
730
739
741
749
761
773
780
783
789
792
793
796
799
816
825
826
833
834
840
841
845
847
849
853
854
865
872
877
878
881
882
886
887
895
897
898
901
903
904
905
934
939